-244.881 944.881
-250.484 939.229
-256.037 933.528
-261.541 927.779
-266.994 921.982
-272.397 916.138
-277.748 910.247
-283.047 904.309
-288.295 898.326
-293.49 892.296
-298.632 886.222
-303.721 880.103
-308.757 873.94
-313.738 867.733
-318.665 861.483
-323.538 855.19
-328.355 848.855
-333.117 842.478
-337.823 836.06
-342.473 829.601
-347.066 823.101
-351.603 816.562
-356.082 809.984
-360.503 803.366
-364.867 796.711
-369.173 790.017
-373.419 783.286
-377.607 776.518
-381.736 769.714
-385.805 762.875
-389.815 756
-393.764 749.09
-397.653 742.146
-401.481 735.169
-405.248 728.158
-408.953 721.115
-412.597 714.039
-416.18 706.932
-419.7 699.794
-423.157 692.626
-426.552 685.428
-429.884 678.2
-433.153 670.944
-436.358 663.659
-439.5 656.347
-442.578 649.007
-445.591 641.641
-448.541 634.249
-451.425 626.832
-454.245 619.389
-456.999 611.922
-459.689 604.432
-462.313 596.918
-464.871 589.382
-467.363 581.823
-469.79 574.244
-472.15 566.643
-474.443 559.022
-476.67 551.381
-478.831 543.721
-480.924 536.043
-482.95 528.347
-484.909 520.633
-486.801 512.902
-488.625 505.155
-490.382 497.393
-492.07 489.615
-493.691 481.824
-495.244 474.018
-496.728 466.199
-498.144 458.367
-499.492 450.523
-500.772 442.668
-501.982 434.802
-503.124 426.926
-504.198 419.04
-505.202 411.145
-506.137 403.241
-507.004 395.33
-507.801 387.411
-508.529 379.486
-509.188 371.555
-509.778 363.618
-510.299 355.676
-510.75 347.73
-511.132 339.781
-511.444 331.828
-511.687 323.873
-511.861 315.917
-511.965 307.959
-512.0 300.0
-511.965 292.041
-511.861 284.083
-511.687 276.127
-511.444 268.172
-511.132 260.219
-510.75 252.27
-510.299 244.324
-509.778 236.382
-509.188 228.445
-508.529 220.514
-507.801 212.589
-507.004 204.67
-506.137 196.759
-505.202 188.855
-504.198 180.96
-503.124 173.074
-501.982 165.198
-500.772 157.332
-499.492 149.477
-498.144 141.633
-496.728 133.801
-495.244 125.982
-493.691 118.176
-492.07 110.385
-490.382 102.607
-488.625 94.8447
-486.801 87.0978
-484.909 79.3672
-482.95 71.6535
-480.924 63.9571
-478.831 56.2786
-476.67 48.6188
-474.443 40.9781
-472.15 33.3571
-469.79 25.7564
-467.363 18.1766
-464.871 10.6182
-462.313 3.08191
-459.689 -4.43176
-456.999 -11.9223
-454.245 -19.389
-451.425 -26.8315
-448.541 -34.249
-445.591 -41.6411
-442.578 -49.0072
-439.5 -56.3466
-436.358 -63.659
-433.153 -70.9437
-429.884 -78.2001
-426.552 -85.4277
-423.157 -92.6259
-419.7 -99.7943
-416.18 -106.932
-412.598 -114.039
-408.953 -121.115
-405.248 -128.158
-401.481 -135.169
-397.653 -142.146
-393.764 -149.09
-389.815 -156
-385.805 -162.875
-381.736 -169.714
-377.607 -176.518
-373.419 -183.286
-369.173 -190.017
-364.867 -196.71
-360.504 -203.366
-356.082 -209.984
-351.603 -216.562
-347.066 -223.101
-342.473 -229.601
-337.823 -236.06
-333.117 -242.478
-328.355 -248.855
-323.538 -255.19
-318.665 -261.483
-313.738 -267.733
-308.757 -273.94
-303.721 -280.103
-298.632 -286.222
-293.49 -292.296
-288.295 -298.325
-283.047 -304.309
-277.748 -310.247
-272.397 -316.138
-266.994 -321.982
-261.541 -327.779
-256.038 -333.528
-250.484 -339.229
-244.881 -344.881